

1 2 3 4 5 6 7 8 9 10
15 20 25 30 35 40 45 50 55 60
70 80 90 100 110 120 130 140 150 160 170 180
210 240 270 300 330 360 390 420 450 480 510 540 570 600
660 720 780 840 900 960 1020 1080 1140 1200
1500 1800 2100 2400 2700 3000 3300 3600 3900 4200
4500 4800 5100 5400 5700 6000 6300 6600 6900 7200
7500 7800 8100 8400 8700 9000


1 2 3 4 5 6 7 8 9 10 11 12 13 14 15 16 17 18 19 20 21 25 30 35 40 45 50 55 60
70 80 90 100 110 120 130 140 150 160 170 180
210 240 270 300 330 360 390 420 450 480 510 540 570 600
660 720 780 840 900 960 1020 1080 1140 1200
1500 1800 2100 2400 2700 3000 3300 3600 3900 4200
4500 4800 5100 5400 5700 6000 6300 6600 6900 7200 7500 7749



tmux	启动一个新会话
tmux new -s name	启动并命名一个新会话
tmux attach -t name 或 tmux a -t name	连接到已存在会话
tmux detach 或快捷键 Ctrl+b d	从会话中分离
tmux ls	查看当前所有会话
tmux kill-session -t name	关闭指定会话
tmux kill-server	关闭所有会话



tmux attach -t zrp_session


tmux new -s zrp2_session
tmux attach -t zrp2_session
